LA1	297	207	135	D	10 1
LA2	306	210	137	D	10 1
LA3	316	213	138	D	10 1
LA4	324	218	140	D	10 1
LA5	333	222	141	D	10 1
LA6	342	227	143	D	10 1
LA7	351	230	144	D	10 1
LA8	360	233	146	D	10 1
LA9	369	236	147	D	10 1
LA10	378	240	149	D	10 1
LB1	316	224	139	D	10 1
LB2	324	230	141	D	10 1
LB3	333	235	142	D	10 1
LB4	341	240	144	D	10 1
LB5	348	246	146	D	10 1
LB6	356	251	147	D	10 1
LB7	365	256	149	D	10 1
LB8	373	261	151	D	10 1
LB9	382	266	153	D	10 1
LB10	390	270	155	D	10 1
LC1	313	249	146	D	10 1
LC2	320	256	148	D	10 1
LC3	326	262	150	D	10 1
LC4	332	268	153	D	10 1
LC5	339	275	154	D	10 1
LC6	346	281	156	D	10 1
LC7	354	287	158	D	10 1
LC8	362	293	160	D	10 1
LC9	369	299	162	D	10 1
LC10	376	305	164	D	10 1
LD1	316	212	140	D	8 1
LD2	313	208	149	D	8 1
LD3	309	203	158	D	8 1
LD4	306	198	168	D	8 1
LD5	301	193	177	D	8 1
LD6	297	188	186	D	8 1
LD7	292	183	196	D	8 1
LD8	289	177	205	D	8 1
LE1	258	125	141	D	10 1
LE2	268	125	141	D	10 1
LE3	278	125	141	D	10 1
LE4	288	126	141	D	10 1
LE5	298	126	141	D	10 1
LE6	309	126	141	D	10 1
LE7	319	126	141	D	10 1
LE8	329	126	141	D	10 1
LE9	340	126	141	D	10 1
LE10	350	126	141	D	10 1
RA1	233	232	138	D	10 1
RA2	223	234	137	D	10 1
RA3	213	235	136	D	10 1
RA4	204	236	135	D	10 1
RA5	194	237	134	D	10 1
RA6	184	238	133	D	10 1
RA7	174	240	131	D	10 1
RA8	164	241	130	D	10 1
RA9	154	242	129	D	10 1
RA10	144	243	128	D	10 1
RB1	231	249	137	D	10 1
RB2	222	253	139	D	10 1
RB3	214	257	141	D	10 1
RB4	205	261	143	D	10 1
RB5	196	264	145	D	10 1
RB6	188	268	147	D	10 1
RB7	179	272	149	D	10 1
RB8	171	276	151	D	10 1
RB9	162	280	153	D	10 1
RB10	152	284	155	D	10 1
RC1	231	258	142	D	8 1
RC2	217	271	145	D	8 1
RC3	204	284	149	D	8 1
RC4	190	297	153	D	8 1
RC5	176	310	156	D	8 1
RC6	161	323	159	D	8 1
RC7	153	331	161	D	8 1
RC8	147	336	163	D	8 1
RD1	195	194	135	D	8 1
RD2	196	199	145	D	8 1
RD3	196	202	155	D	8 1
RD4	196	206	164	D	8 1
RD5	196	211	174	D	8 1
RD6	196	215	184	D	8 1
RD7	195	219	194	D	8 1
RD8	195	222	204	D	8 1
RE1	249	135	140	D	8 1
RE2	230	138	141	D	8 1
RE3	210	140	142	D	8 1
RE4	189	141	143	D	8 1
RE5	169	142	144	D	8 1
RE6	149	144	144	D	8 1
RE7	129	146	146	D	8 1
RE8	112	150	147	D	8 1
RF1	255	258	179	D	8 1
RF2	236	265	179	D	8 1
RF3	217	272	179	D	8 1
RF4	199	280	178	D	8 1
RF5	180	288	178	D	8 1
RF6	160	294	177	D	8 1
RF7	142	300	176	D	8 1
RF8	129	303	176	D	8 1
RG1	212	267	149	D	8 1
RG2	195	277	150	D	8 1
RG3	177	288	151	D	8 1
RG4	160	298	153	D	8 1
RG5	148	303	154	D	8 1
RG6	142	308	155	D	8 1
RG7	129	314	155	D	8 1
RG8	124	321	157	D	8 1
RH1	224	304	155	D	10 1
RH2	217	301	158	D	10 1
RH3	210	299	161	D	10 1
RH4	203	296	164	D	10 1
RH5	195	294	167	D	10 1
RH6	188	292	171	D	10 1
RH7	180	290	174	D	10 1
RH8	172	288	177	D	10 1
RH9	165	287	180	D	10 1
RH10	157	285	183	D	10 1
RI1	227	180	127	D	8 1
RI2	220	174	135	D	8 1
RI3	214	167	144	D	8 1
RI4	207	160	153	D	8 1
RI5	201	153	161	D	8 1
RI6	194	147	170	D	8 1
RI7	187	141	179	D	8 1
RI8	182	136	187	D	8 1
